$ANSIBLE_VAULT;1.1;AES256
36356236663336643434343664303233613937363636373161623235356264663465636261363439
3566336165343833323266643335663439303265323738640a633265663136346263653438656239
61303932363331363936633862353938666363326533336365306131363233643062623837356364
6432653438643831620a636365616330633462306531363232323963323164333362613230386432
65303866323666333136623863333865363063356439333336653762353033366130313561613561
39373162633333633237363765313131383864353338376566346131646537333266636264306663
33656362636534316333653865646465666565383131363165313937383665626130663866633832
39396530333736626264653436393532306531356539613331373433393737386132393335376539
32626364363737336466353330356337653932353133626136333336383764373438333963613530
37383864633339613263373730323336633563333865336666363039656166613336396638326266
62323433623730323838616235346462333939373166643838653233313336326465633039653237
61626630376265366665613630613531373133326330626237363734366335613537633531613634
30343739613063313038653131613631346237353130633832376530623736386563663939336339
62346333613264303134376164643161396466313735393564313364346335636561633866316532
64326365353361643861653234353138336334313238383636393463616332613665653735313937
37656561396164356336343265633562313334373966613039633632666635333138613861636530
61376232373466356564633361633264643066393765393961393064626239643738616166663761
37323665373137393938313566336266623032366434366465393032343436353564326438313937
34373936653065323335383836653335643266333565303662643730383966346232376633303630
64643463633438653738323561383338333231323337313938316637383732613137383165363631
39363462643765643830336235306433366234633333396466383231623830616663363332386231
31383633623235303266333362353733663866653362353131613831646234346332313164323664
32353435386562653638316162336564613235333536356566363264623963656161313365653263
30653962323038373039396237343938323239313166396434333239343234393833326237626439
35353465323537386235363035653237386337623566613466636465396663623930383562316138
66336664646236626166343630626337373733326437663638393038333166363635376335613163
38376234356665643562313635316137633266303633363933303234343865363039656437633930
65323334373835306135636439663839333330363434346336653232343231316330613337653738
35343933633161366631333535616331343231663630663531333763616266636666376333613938
37313963383034363966383232333362653733303237396162616464343835643832316333383861
37626263366537636435383464356434656331363236396133323964336235393233663762656366
62636562393035333766306231396231343133653030333637343835363031666561346563653762
32653734356134646539643236633939393161323366623434313431653237623136643636363835
36646538343637343236323130613530626564333237653730663937623938333566306665626562
36366532376261386631663338376561363938303337323431663066373436376666323039386137
33363032643562646663303462323262303032653562336436353262353637363036353464366330
32353766643866333231323264643330353966613237656535386631626436326434383662356631
30653664373834373534316366623064306364306530366136613736346535386466333933666630
32613465316335633361636236373336313362656330623430336138383037356234353336336138
31393332616633616362363263663361333235613631626665343335383063666366333662313133
62623663613962653636303662336131353035313466663334393833316139353761633264386237
39646537393630383939626366363236316635306261393738316433366561313163373864653831
33623763386535616135653935366366356436366131333662636236303763653336346464363436
31646632396265646336323436316635336362333931383361356630316633663965393966613431
64363032373265666363313537366661323336363531666363643839313764663437343864346161
65323439616365386530366565626337313064623661306663333136363635633038613063366538
64316564626131366434333161613239666436343365636138613234363265306332386362663234
35323431333434333061666162373637366537636565663565346131653230666131363134386164
38646166383936303935396232313463373234316333626332333135306136613231306636303037
30393735313432613631613262393864303335626434303234343634353538333335616639383563
66366164653066303031393138663936333661666130623264356663356637383663336530346439
31333730306165663862343739626437346238636465343238313933353761313937666636643331
30663430343931616562323137653061636433363963663834363966336439623533383466333434
65303937353434323632623237313161646233393461313038663033363363623261663135653963
39636637656466346338646661363839363630626665633637623237663435343231333363373266
61373336626661663464313833376335323462333931623163326364663030333861616230636530
38623835383634356433386238393232363365316638313238326533353064393531393365356434
33303133653334316161663335383430663139336233333666343762336534316231666134396664
39303437653861323439383335376363613366643461396361323437323630383430643838333439
62326366313438616362333665343939633165353139323033316162633030316635393664396530
33333036363564616361316330633535343233363934626566646432613133643431316638636139
30316564303561373364666339383137316138663034663064646230346632313034663564343363
61383030336439376634633265306330396230613936653339303137613438613235666339383035
30316461656266646433363466643532643161633331616236313035386133326138376331343731
30613331623633646334353531376231663862366630653263353034333936643838613330636333
36623964656261393562363263343738633537313835626231336436633531326337396635373864
30633461363861336461366234656231313536393864656363646133363237663431383963646136
34396261643138376631303766393738383562376365353337336532643064656134636437626231
33323231626131316330356531313532636632316536343835636636396566346165616338373834
36303038396233353936636537653232306230643131356637323438363766633735623131333965
30376466313664346466393335383031616464363365376638323566656265323665303634636136
38616461373464663736396630376165653439306561353034383330653461313336323061303930
30623064396463643936626631303137343239366339323664386165633536633237653264346534
37653966643866613234666337373265373938313334343462336266653163336433356264656133
30333564393465313330346663336464653937396662323666393237366361313231363063313263
63356562636366306563373364366431646561626532643763323034363562666534346136656332
31343237343330333834656362613533333231373230393139343662393562373636306336363066
61336566613930636134363065633863626566383235336465303336363632326537393733363766
30373334303535336337316335303762393161386637393165363130386462303438333336346163
61383037636663333733656433623331323365613835363336303239613530656230393430353133
38306532323765363763393166366639356163326631336534353761633561313265613536333036
62386130303439373965666439643062313534336464643437666363623531323233336634323934
35346262313336376662616237653933333333316131376661663536633131303336313764613930
32393436333636396431636264393133343062636463613832626263333631356239373466376434
33356164393735323334643030373232303330366534343036303665376632373766346234353334
38343735353533313964663965353830653336383534383038353435643231343461656336636264
66393730613830623163383237383836663138633166366532643261353961323265663864316630
64356330353362616561653434393437663866316364633532653337366464656434313437393036
31396461323838306666383634643062366230613738383261346537626435333131333732363461
38633666653861646230343233393138336165623961323132343264313163303765623938353532
39333533333831643739616637333066613830356438373333633534653964366339313266383438
65356232393662626232323662626535636231386463373933333866666531626130363333663466
35346165663438396536396365313461656262363339643262636638663032366565396661666265
32376539333761393539633863313933316461323434633966306131373639303136646631303061
33303332653534653539323235383939383462353836393638383231616438613463303164316337
62653433393065346539613338643534346566626238663261613535343737396463646562616361
62346365353139393134356261323237616635323361646632323237366638633634656536366636
63353362646161323862313164653131383539326236646565366262623436633830623066656134
61333362633137656330626231643664333434653666643263323636373830383866346631393531
64623265336233343136636363353862393938666633393238316232653565663637316534326330
65313266613266336536656134366131653261613063393063386662373535656235646530616562
31646136656130626335643937326232643132353362366633333636613331316334623366363936
39356637653763653765393864323638306138376562666537633735383233313361383139343837
32393632316231666535353566393862383864643738336137313234303432333263356465666161
32336362303631383337366365373864363762613864623037633939376661313239646364373266
36333533333133383663343836343434333639316165656537643664393632643833366638353334
63623834316666303431353663643936303931626363306661343536616638633434653262666363
62653735386137396464636663346530343635666436386236613663356431643163623163333431
62376165666236646430326636376338393162343462306535343861393536663431346335653036
65326461616236323432616137303135333537333061616339633834303836363337373932643762
38666463666538613636373065313732636533613965343039633938373861356366363963663035
36396164333161306462313733313364306236376534333034336132653661303434393561363334
36353531393334323264653232343035346664616532346538396263393536656664663739656231
30346666623765303464633130333538363964306539373438393030306535616161393330623636
65623364363934323362616236303663623064393433623733643562353234646133356564666464
61346232343833326437306662623861383464353438353037396361343531356163643762363463
61393137626566373135343364613862373437383161326665353963343464313134326661643730
36333038333138306461386336306532646565306565613537396339623862343533656363636532
64636437663961663133343839323563633735356336636264613663396339623133636135656565
37616539313861626338643036346564323233313632636465373032316663393031653162376334
37333163393237653261646132653661303762616166613562613237313936623630396665663637
64393365373333343833393663636133353837663432616136663265333638626364316231633936
63336531333964313562323163343934623931646238623235323766353538623330613165633066
39306135623536393034363135643937326261303863303131616439326135383132393338373363
31373565343931633030393837373562323831643964666334353933383734353333326564643430
38626338326335323339636538333639373736646463383461643462643863323236653266386462
39313139393235366463643064306135393063343736636264653439666262643538336264386334
62373361613539613236313162613334356335323436366462396539643338626364383832336133
34646565323235313233383138343066343964646136666534333461313665653430636561333139
35663731353064333934343064393464663530356266336266386432666334616332376132336261
32343930626664383032616666356464386663633366383637616230353136626335343032313236
31613930356636623434623731313932386262643339303366396236656263343737663939343536
66363937663735366664663838323238653233376439363630326264323833336137303234633666
37383038666363306665313538383336366662353337363963383631323761383764633732383137
64613662333763666338633832363436383432663737393062363936383531346431303561636534
34393438336237633236663663646666613962353532323833663865313066353564396165343162
35353039303133306334316333306635383764333230363764386331613364323866306231373261
35333933636137643365373135663033373035316232326261333566343764353331333766653639
38393131623333633462656334643632353632626166383064316466353663633536326639616432
38363866343533623337326162663938386237643837366234633363353430376534663137393139
61636632663832363338643834303736646233313338316330336133346539323032306330613733
31326361333862333634653763613064316366633562363930333862363063316639316134363666
33373364623265383730623937376232386635393930303135353961383230316563666363626234
66643839613630383665383166393732323737646164616132363666303433363132363639653430
37366638373463623861333336313066353264366636356339383035373265336631333839656337
65343931366137646539613164316165323139643234333532373732653333666134616530346361
32313432633132313563633835343836333631373436333239383234316437353439336365333132
33333137383666316630383638616361666162653261346566646130313263376639623165656465
32306137653134313263363130316235363537623832396339643337336466303963653130333038
34636665373930343036623731336136613337643566393761626635666334666131376562633866
663036616161643261313636636233393637
