$ANSIBLE_VAULT;1.1;AES256
38353533363238643835333538643061656239393161376231333433373530653063643933613863
3465386437306463373431373263303331386239383539300a386339366663313837663666316463
63373363396437356231323262396666656636343361356130303931636637393734653833623430
6339353262336130390a643365303364376266646364313337353166623163643831623438313665
31643436616532306530643838623932663836383238346638656665316463666664663663613834
65393439343432313835343234613366646231636333656664653731623563346538346436646235
65613961373331653165623862393738616461643665396266393633383730306266656530306131
36613734366230323066383532343731323534663136323365366331613665663535323664336434
33336635396132313037346134383563626265333966363466623462366638623265323431376638
63313565363139316638633630353733373838386436346537303034386532363363306331653764
37376138353536653066376462396334666339383130643037613132336465653561326537303438
32666461386434333431643961383131653365363138653963343565623733373764326530643935
37653136626566323636383761316264636263656331383662323330353538626431666165636263
66333664313139383435666365346234613131343266643233633663666133316436613532386538
61316139346138663634303835646630303738636463653336323230663539323162323233326333
39326331626338323063346262343364656532626166363735333361383861643166656336643433
34323364323834663764616663386330376364343463356531613031363863643366333938333465
61306665383738613362633431373339613330323230366238306563356330343864646238306631
30383038326663613164373463393234353665323239646264386530616138616163343165643763
34373232356638316334623031376561666238303337643531633664663261383330373039643633
30663835383164373962616631383230376230306138653766666566393437303234306164353262
38316231363966623633363332393761323365353364333864306238303233376435346661653938
39643139386239316330396530373939623031643733386538613463373132636632373263616630
34653636393231336663636366383363343261663765313531643962353666336139653936383938
31363563323339653834343163393736656564363934616130613635666135396164343761636564
30326434396332613432326361653463336631326132396536333830653736653939393538363139
31616134396139626663313232356137666563333532613563653839333664333061323662373033
65613264666131636333323638656335643337653734356139633034323661306432393631636537
38313263346633303531663934653363643064393539643836366265373435326632396332393462
38343331326264643333323934343666336466376364666665613831363532633862643963633139
64343036313166663036326565656236656533643066653965326663383337316165663636383332
65343638353863613963653538366433323364656132613439653833366439636231653663323038
32336534626130326662336661303239356336616131616563356538366236386633663763336637
33353131643865393130366431636134663530383863316564663532323534323764316164646237
33646132643631633765383639306134376534653965643565383530306666313266636663386137
33663332643661656364636636353336343463653766303734643661313461396365376163303831
30643661653263316363306331376436613637643164376339373233393863633565636335636439
30616664303434396130633361386431656531333537316165656163663839373664343037303264
65356462636139663262613830336634633538303630326230396235363963383635383539303339
39396662323136636664666231376262623563656661343366333965373237653335623932346135
34343533363065653030396437636438323165363135336661643631663336363036343665336339
34333164616234613563366464616437653938633436313165343735613062356536633635363532
65306134616533373931623036633764643537303434386539383137363465323232326465633334
63396433636364623964316330383830636166386362303866663637383639393337613064396334
32393935373866303330303331326261663439353163306634386437313934343865636532313634
65336136376530386135353466653430643363333666333533363266643438393636363739303735
61313663613336616536333637653738363131366462343739393235313437643762313638656132
63376633663763313035363437666539353862356335316432653837313531316531373339376133
34666665303961356631393562346135616138306537306461333561616361623836326631386564
38343062646661346665326239306366626639616336303365313932623864653936316331633866
66346266643431666130663039333563666236346163353063363136666636666538313738653239
61393535636132376537346233373231323831653637653263616466616234353038633334623532
38326338626361663663343138393230343765613332393634393034343133326636363935393834
32313238303264323864316663393662316563333963313066323361636462333935626566333935
65383433343237363932373062613964613539333736386436343636626364343365363830623032
63613631643237653536366636366666306365303061653131616331353837616531396236646333
38376632643864313130626132353039613461353636663962346334366535353633666665623164
37323934316364373364313633383064346338643335646530613862656565626535346139663163
33336566303162303662396165396437353834356633313231346530663538626131346365356366
63343630623736623838616438343039633038653731396466636136616430643165333337346432
63326362663461636535306630666430323930303166653864353430363738316433386330363338
62386662653433306132313731663062383936633634353336636634623461333335613262666166
30393130653732313165613331646332633130313437656139323935313230616233653164616535
63343533336664636137623933306661393036656265353339613931326431343031383238663063
37346466393134303230636132353134363762616364316337633465636365396563326664386433
66386234653530643964383138323332626532346431636565373834623935326631333036323435
35646635626537656435366466333265353162336437373736356139373236366361353562656336
64333533383230323761663139653861643862383964303163623164633433313736346436356436
35623537393832396363363734356430613931663533386266363334383934393638623438633931
38396562376165636137323961373266383833383938343437383434396235343861336265303837
63313030643133303263643234636535653962326162653239663766613839376662323634393335
32626633353334363430366430336263646666366532663731643439646462323963366136343435
66366533306338343738303539366130643539653362316238636536386538353136616465393131
33613638373538393236353463313761323236636132343737373537373833353131306631643834
33666363666166353466366462616464323162346664653138643532666162313264323131316637
34306332333232343762636531393438343630313934393036666235323462656134393336373731
37613237623962383066313866366635626436623364316639313034643831646563346264306333
39613964393036376162386636633363313737653730373333613738626363623830363666643430
62623762316437313864643964633731373630343437386139646438306264633431383737343065
31646239376534653435306331653261333430306336633833656163353630323632333264363066
32333765303437653164303332393936356434356264653065333333633135373438346538343436
36306234353837383230376136306131653137633533353162333963363338626536333730383063
38383037393033363630336338316166616435343731333037386430613964636339316332636632
61653064373661653833636130313436613131393965383864356138346539383431356135646638
36613962306636646330646438356166663965626263626234373631386532383662333133616533
61643633356530396339316531396432623934353061383138386336613538353339613738356464
39393331363630363765626633353936396266303237336265643139376235373461623062396164
62653534376366613835326132313231333930363532383031313039376236636236333033393962
32633335656566316262373430353463343130383461353338316134366533626365373831646239
61653563663432313639343466363434316130653133313330306566636539393237383034306234
31356664386436626633623262303830646663666439323132653639326537636335316431623738
34633763313736336466346265316166366235363736626661623738653038663530336335343061
38343566613439306338363136326136343161393639393438343762663661383264666139373833
62393833323161383764303339636139366232373837616333666632353333393061316563646635
39393934393131613861663035656431343364633437613537303334396237653432316132636162
63343563383831313061643266313131623538333834663662373361333366393831396638326535
38303532613764323531333162626330336562383134383231643762366566326364303463653464
37613034383736303531376665383062643763336366333234303930626537636234623664643761
32663634613132356162393563376334636630346134663630306663623338383065323732636638
64313435653263336431633337616139656163663830666537643634393333306434333435663230
64333436363439653464633933323066303361393939383833663534396131613665626362626437
64366534613932356637306561393030646461396637323766663135386530656532383037616630
62393236393338346531663038393432336333643264326262363630353665643131393435303461
37623033643936386638333361356534343166626337396638396636303564323238323365653033
64343634396337386666643135666336383134633531663938623962636338326234353731303934
32643365336361626233343539356330323731656334313837636364626535343765323563326136
37623539373730376531306264323362343466626163383161663034616638353665356263373365
61333837396537346266383636363961373862396463363463623537626531653166663364633866
39623662303533653933306566383664313161346536653436316439626135343038343834373739
63383862646164643938613936656132366437666562333631313463303436383434313231343862
30383834633934366636323137356130663339343061363265653035653161643939303230396630
66646162326233666563636535316161313336303432343563346234643738366261343264663637
39626435613337633664373934376566346662653232306232373665326263316631643933616237
61343738653338633236353632366437366632336532663138346230313530643666313265383337
38383966376430393934653263623730636233646537623466623030316165333238386162653261
32643535663532376262306261343864353832663632353431626535323234333265333131343438
38373038623636306632653565666133323065323265303431356136353433303534393438396338
64333430643064373761393566343431613739313539363330313135333438633064616136666664
39323831356331383762313836613134373330383862353834633162646164326231303732613462
66353165333039643265363664623938333038343063633464373264306638326532393537383830
61653363653533356561353963623130383066313638363331316663373065636363353037376235
64336161346531376434373562373539346238363062353261643164343039393737643565336666
36313636646265346635326630383731303438396261336361666431353532346365613362393766
39363435633834393462376132623134653162333730373635613363623436313435623239383862
66653133613839663566313036643631303733313864383561326239366661343665646235366563
38373165356135623035323439633333663931316561333438646566303639663666333065353061
62653263646566626335386636633664353337646235346131643432396632653163393036343030
61633064396139653334643365306663343261616463303331653035373832643632666164306262
63346364656535633965383865333132376638396365343237366436666630323335316237306534
37366536613661336364323465653063653230643666306338313065386534303638376162316431
35366463373335626433643132646565633362633466626561643762333339373236393832363761
31633339643363636466613364373530333831363931306536303833356435313131356137623438
37666534616637323637333034303864333366396334623339313037323235363038383034633465
31396531366437616263616535313836653535306438643031316161343037366231623662313865
66613763616663383265303461333831373631633662333438393638636233306532333533326261
32333839666261623662303562393766363764386432386638393134393061326335616239326561
36663962656561343265336237373666313464623637346337383661663432333835656437383430
61393763353862376564646664316335386365613066613930383663626637323961393866363137
32363861306330356361633833613034623130636232616630653338636332356434346138643939
61656431646465343330646566613138663662313739323436323330663862653238363739656663
34336266616237613432326565626538386366663065363630383463383638663864353831643765
38653963366330663632316165626162343235666633333936616666656230336131313831633835
33356638383233626163393637333435313439353532653832613664303934326130333938356634
61333335653766303331653434343138356662616566333236393035303261383932303831633930
32383062336365323264376665613239323738346562616536626664353734303838333231626432
61656238393565626264303163653562326435303765386661373961336530373535363037366436
65616264666666653032386535623362633132393536386162306534653366636663633233343134
65643231303434353833393835666664643938383866633437306630316162323931373664353037
64323165373538623730646536646362643931643839656463663034303839393633323331356233
64613832636136346538376436623036636662313237366331653035333335653566376266373834
31623035373930613265313730613465616565303336386536353733386137336465306265363663
32666134346538323831313338653762326566666330333562356433353932393432383533636361
32666266326439343232386264643333656334363331306439373530363630343138383761386537
62323465353936633935656366613966316164316631646636393637343233393337316137333463
39396336373862396466323634343239623930623566643337333061613765643632633366356337
31623834623065343762376431346536313632326233303538663639313232356466393739323461
66623465363434373331353236343736356636306664646264663130633661306437316332666363
66396664656663383636386264303330303665613139373865616439306532613134343030613361
36363830336239346563303765633930306236336130386463623539336331383532366262313334
37356636646561636334313331333237666561613137396364306161613161386166363365373037
36383532393731353837336630373934353835383734663837303466346363333363323339643239
34326264386630666636643161363762613131366664363664663433636330346135353133373264
39386534323539623339336562643463373039373334623034343737353234333235613938393635
36363362353363366434336134323734613464623234656463613131636136356635383334366637
37366235613739323333633631663437363139366165326363633264323262376664643436336239
39623436393537616233363262373237343437656161393130323438306637393663653239663938
34616266303164313164343663313732626233363563643665663931326431306464646630343762
65663636626465643831623564626238646238373964393763363763623463383561376539303932
36663939373835366465313435636262396235376563363938386233623630316266333534303639
65383832383562383166356566366562393164353231643232333262303362373166626538313664
37343232666433306263626435303464336538633237366564323835323339666231633137336332
37313032653236613635343765303532356563353732373831373036393437306263613937376236
64623862333837653930316538666439613065653362383530323864393432343932396638663961
34376635663336353637353363333164323234383761613035623238643439383765323838333933
38336634376136373861366533663831386631346433366435626337333932343630303937646565
36333431396535333365653737353432373434663464656637316636333238346663306133306130
30323266626161616462373539396638643231656665313062656433663731643865616138343236
31663434363565303132666532613435366239656530336263653735663563643662333164353635
38373736653862393032666535643630643235373536313134343163316637343563653736623038
64616437373764353163616436346531376138666132623332666533336663623266383430383834
65346439303066643939616538636164343065373337626530646162383563623064346365626464
37656461353164373439633831363237633233356533383539323234326232326639333130363264
30663861343866396166393062343835383364316132656135376630633762663937353736643335
39386331303230343232303232373366616338633331323738643233326261656333363334623561
33633064623362356634376162383234636662613630336632333963393065633739393134326165
36366663393465363232613730383265393937303063323039346238363733356330306163373037
64313936353661376165343033333461353465643131343331626230656438353935313464393863
37363538343230666137363832663632623861313437636339633965663464643438353036663136
39636336303564393738326563623937646130313338643866386336333736643437393830376238
30303537323334623033343334323937663666333262336137613364643536313933333530616433
38386261373331353039636161393036303938346666616338333438303862633738363165393230
61626139373434646632363737636265356661336334303232396231316161653539373236353530
36383030656466303638653763666137356562343363363739636630663365313064343664663637
64393364383162376236306539303064613635313131373266333261363333353365323639333432
34613932313936313461383965303662366566346333643633343064363163396566613066666363
64326462343637633539386637303162336466616563313038626461353363653936363362336539
36373134383538383664633738383239626333323561343830623335323431623933326533633461
39353532663030333338306231656163313431313561366331623962663331343263323136633839
34373533633330643765633134363664613231663333663663626666353834363665663362336461
38303637656631306331653635633965613466323061366334383365393539636235396464333661
32323134653835343866373466613034623132653432373239373666663232363062393631316437
34356366383234393261646165346634663737323131303035613334646635316365663733626438
36613665393763636631646230343536643438366439363239653765356134626139616136616166
64353332333934613832306437343966393838663638326437326433316436353265613762303161
65306235396535336630336636353332316131326339383163326131646165646265663638653866
35316535396163356264313761346331336165333264373764653363633433346134393530343061
62636437373732626664323762316238373064633730656665393038353831313765613765356563
37346638353732333765383266343639653134663134643737353533336564663831653135386564
31306234383932363439633131326337653862393063633634343935326338373331633264386432
64376336373365383366356339353433366262633933653138326661393638643235383939376635
39343239643762643033353861393661326361343364363537353732636439636564383133613464
31356238656264373938373533353036616239643531306462366265636666353031316334666566
66616539373234313462623734383133393566613431386230353266306639636539653037623238
66326162663230316662356363646562386631636162356134663236633037663838316530396334
65333031363230653962373566393262613262363933313339613231623736613165356132326638
38646231333237303139623438613566356663663361373936633963316139613433363334666462
30653131356235343737323038636432356635333765336364653763386261346666366131393461
32316438353761306662323038383736623464656539666537616638396361363363343664343737
61616364313264303538383538313730613061626461393533383835323632333130356331623139
38303561666562653534656165623665623436316635363530363239616164653732353230626330
32346132616533633264366134373364336664663238653831396266373738376535303337653661
38613765366433303238636262653634663132313461373564373838396466316662313533636366
63656637643436396565633339326162393563343235363562326335336238316337373035323132
38393039636334653163663539373562393864383465643735663233356663353766303236333561
64646138346630613631643633663832633335633363616639656531373934396436323635366431
35396537666265353830656134613966616266646363343034386562663835663135653130383834
37396630353736333162666330313465643832396130396439366662643637316136666138393937
66343637316361643965333331663433316463663838396134333461653162303564643432353066
64393031616464316330373731613938313862613463366336376662313261356264643535303061
37346235373739626332653336623338333630623438363661373138633632376431636539616433
326437386130316430386632333261303138
